> rRMSE_direct_mean
h=0       h=1       h=2       h=3       h=4       h=5       h=6
Shift=0 1.0716302 1.0716302 1.0716302 1.0716302 1.0716302 1.0716302 1.0716302
Shift=1 0.9953481 0.9953481 0.9953481 0.9953481 0.9953481 0.9953481 0.9953481
Shift=2 0.9728037 0.9728037 0.9728037 0.9728037 0.9728037 0.9728037 0.9728037
Shift=3 1.0157288 1.0157288 1.0157288 1.0157288 1.0157288 1.0157288 1.0157288
Shift=4 1.0206388 1.0206388 1.0206388 1.0206388 1.0206388 1.0206388 1.0206388
Shift=5 1.0292169 1.0292169 1.0292169 1.0292169 1.0292169 1.0292169 1.0292169
Shift=6 1.0026704 1.0026704 1.0026704 1.0026704 1.0026704 1.0026704 1.0026704